[0.2173913  0.76859433 0.54347826 0.30743773 0.2173913 ]	1
[0.2173913  0.76090838 0.53804348 0.30743773 0.2173913 ]	1
[0.2173913  0.75322244 0.5326087  0.30743773 0.2173913 ]	1
[0.2173913  0.7455365  0.52717391 0.30743773 0.2173913 ]	1
[0.2173913  0.73785055 0.52173913 0.30743773 0.2173913 ]	1
[0.2173913  0.73016461 0.51630435 0.30743773 0.2173913 ]	1
[0.2173913  0.72247867 0.51086957 0.30743773 0.2173913 ]	1
[0.2173913  0.71479272 0.50543478 0.30743773 0.2173913 ]	1
[0.2173913  0.70710678 0.5        0.30743773 0.2173913 ]	1
[0.2173913  0.69942084 0.49456522 0.30743773 0.2173913 ]	1
[0.2173913  0.69173489 0.48913043 0.30743773 0.2173913 ]	1
[0.2173913  0.68404895 0.48369565 0.30743773 0.2173913 ]	1
[0.2173913  0.67636301 0.47826087 0.30743773 0.2173913 ]	1
[0.2173913  0.66867706 0.47282609 0.30743773 0.2173913 ]	1
[0.2173913  0.66099112 0.4673913  0.30743773 0.2173913 ]	1
[0.2173913  0.65330518 0.46195652 0.30743773 0.2173913 ]	1
[0.2173913  0.64561923 0.45652174 0.30743773 0.2173913 ]	1
[0.2173913  0.63793329 0.45108696 0.30743773 0.2173913 ]	1
[0.2173913  0.63024735 0.44565217 0.30743773 0.2173913 ]	1
[0.2173913  0.62256141 0.44021739 0.30743773 0.2173913 ]	1
[0.86956522 0.61487546 0.43478261 0.30743773 0.2173913 ]	1
[0.86956522 0.60718952 0.42934783 0.30743773 0.2173913 ]	1
[0.86956522 0.59950358 0.42391304 0.30743773 0.2173913 ]	1
[0.86956522 0.59181763 0.41847826 0.30743773 0.2173913 ]	1
[0.86956522 0.58413169 0.41304348 0.30743773 0.2173913 ]	1
[0.86956522 0.57644575 0.4076087  0.30743773 0.2173913 ]	1
[0.86956522 0.5687598  0.40217391 0.30743773 0.2173913 ]	1
[0.86956522 0.56107386 0.39673913 0.30743773 0.2173913 ]	1
[0.86956522 0.55338792 0.39130435 0.30743773 0.2173913 ]	1
[0.86956522 0.54570197 0.38586957 0.30743773 0.2173913 ]	1
[0.86956522 0.53801603 0.38043478 0.30743773 0.2173913 ]	1
[0.86956522 0.53033009 0.375      0.30743773 0.2173913 ]	1
[0.86956522 0.52264414 0.36956522 0.30743773 0.2173913 ]	1
[0.86956522 0.5149582  0.36413043 0.30743773 0.2173913 ]	1
[0.86956522 0.50727226 0.35869565 0.30743773 0.2173913 ]	1
[0.86956522 0.49958631 0.35326087 0.30743773 0.2173913 ]	1
[0.86956522 0.49190037 0.34782609 0.30743773 0.2173913 ]	1
[0.86956522 0.48421443 0.3423913  0.30743773 0.2173913 ]	1
[0.86956522 0.47652848 0.33695652 0.30743773 0.2173913 ]	1
[0.86956522 0.46884254 0.33152174 0.30743773 0.2173913 ]	1
[0.86956522 0.4611566  0.32608696 0.30743773 0.2173913 ]	1
[0.86956522 0.45347065 0.32065217 0.30743773 0.2173913 ]	1
[0.86956522 0.44578471 0.31521739 0.30743773 0.2173913 ]	1
[0.86956522 0.43809877 0.30978261 0.30743773 0.2173913 ]	1
[0.86956522 0.43041282 0.30434783 0.30743773 0.2173913 ]	1
[0.86956522 0.42272688 0.29891304 0.30743773 0.2173913 ]	1
[0.86956522 0.41504094 0.29347826 0.30743773 0.2173913 ]	1
[0.86956522 0.40735499 0.28804348 0.30743773 0.2173913 ]	1
[0.86956522 0.39966905 0.2826087  0.30743773 0.2173913 ]	1
[0.86956522 0.39198311 0.27717391 0.30743773 0.2173913 ]	1
[0.86956522 0.38429716 0.27173913 0.30743773 0.2173913 ]	0
[0.87047374 0.39799673 0.26667727 0.32531129 0.21797447]	0
[0.87349781 0.41458499 0.26234393 0.3357243  0.21944598]	1
[0.87292659 0.40599634 0.25690915 0.32876935 0.2200172 ]	0
[0.87810535 0.42555322 0.25325185 0.30918251 0.22240022]	0
[0.88551509 0.44950484 0.25028726 0.29191186 0.22572469]	0
[0.89526319 0.47913658 0.24801934 0.27662963 0.23003701]	0
[0.90749433 0.51630927 0.24646222 0.26307271 0.23539939]	0
[0.92239589 0.56381863 0.24564107 0.25102823 0.24189215]	0
[0.94020523 0.62606261 0.24559344 0.24032292 0.24961681]	0
[0.96121954 0.7103763  0.2463712  0.23081525 0.25870029]	0
[0.43994184 0.82996863 0.24804317 0.22238942 0.26930045]	0
[0.4122527  0.86978232 0.25069879 0.21495089 0.28161359]	0
[0.38947174 0.85814621 0.25445308 0.2084229  0.29588441]	0
[0.37047801 0.84881066 0.25945351 0.2027439  0.31241973]	0
[0.35447219 0.8416777  0.26588951 0.19786558 0.29530022]	0
[0.34086954 0.83668124 0.27400592 0.19375144 0.27400592]	1
[0.34630433 0.83283827 0.26857114 0.18990847 0.26857114]	0
[0.33440415 0.82993684 0.27837897 0.18652752 0.25065355]	0
[0.32417454 0.82911781 0.29055418 0.18385887 0.23528614]	0
[0.31535236 0.83040262 0.30565106 0.18189664 0.2220685 ]	0
[0.30773158 0.83384245 0.32442991 0.18064471 0.21068725]	0
[0.31748084 0.83952029 0.3479596  0.18011714 0.20089457]	0
[0.33898946 0.84755416 0.37778866 0.18033887 0.19249294]	0
[0.36616586 0.85810174 0.41624461 0.18134692 0.18532404]	0
[0.40142894 0.8713668  0.4669901  0.18319207 0.1792607 ]	0
[0.44881182 0.88760786 0.53613506 0.18594122 0.17420084]	0
[0.95523722 0.90714983 0.63468366 0.1896806  0.17006297]	0
[0.94445691 0.93039962 0.78465171 0.19452008 0.16678287]	0
[0.93619455 0.95786728 0.78459052 0.20059909 0.16431102]	0
[0.930333   0.99019481 0.77376466 0.20809474 0.16261079]	0
[0.9267911  0.40851077 0.76514717 0.21723296 0.1616571 ]	2
[0.93119022 0.97625618 0.76287265 0.20699775 0.16175357]	0
[0.9276448  0.40978484 0.75429996 0.21608578 0.1608034 ]	2
[0.93204744 0.96231756 0.75198063 0.20590075 0.16089635]	0
[0.92849849 0.41105892 0.74345275 0.21493859 0.15994971]	2
[0.93290466 0.94837894 0.74108862 0.20480376 0.16003913]	0
[0.92935219 0.98446696 0.73260554 0.21379141 0.15909602]	0
[0.92807854 0.39018807 0.72616674 0.22468739 0.15887798]	2
[0.92963701 0.96985054 0.72172851 0.21340867 0.15881119]	0
[0.92836298 0.39059032 0.71530463 0.22428514 0.15859355]	2
[0.92992184 0.95523412 0.71085149 0.21302592 0.15852637]	0
[0.92864741 0.99623215 0.70444251 0.22388289 0.15830911]	1
[0.92864741 0.98854621 0.69900773 0.22388289 0.15830911]	1
[0.92864741 0.98086026 0.69357294 0.22388289 0.15830911]	1
[0.92864741 0.97317432 0.68813816 0.22388289 0.15830911]	1
[0.92864741 0.96548838 0.68270338 0.22388289 0.15830911]	1
[0.92864741 0.95780243 0.6772686  0.22388289 0.15830911]	1
[0.92864741 0.95011649 0.67183381 0.22388289 0.15830911]	1
[0.92864741 0.94243055 0.66639903 0.22388289 0.15830911]	1
[0.92864741 0.9347446  0.66096425 0.22388289 0.15830911]	1
[0.92864741 0.92705866 0.65552947 0.22388289 0.15830911]	1
[0.2764735  0.91937272 0.65009468 0.22388289 0.15830911]	1
[0.2764735  0.91168677 0.6446599  0.22388289 0.15830911]	1
[0.2764735  0.90400083 0.63922512 0.22388289 0.15830911]	1
[0.2764735  0.89631489 0.63379034 0.22388289 0.15830911]	1
[0.2764735  0.88862895 0.62835555 0.22388289 0.15830911]	1
[0.2764735  0.880943   0.62292077 0.22388289 0.15830911]	1
[0.2764735  0.87325706 0.61748599 0.22388289 0.15830911]	1
[0.2764735  0.86557112 0.61205121 0.22388289 0.15830911]	1
[0.2764735  0.85788517 0.60661642 0.22388289 0.15830911]	1
[0.2764735  0.85019923 0.60118164 0.22388289 0.15830911]	1
[0.2764735  0.84251329 0.59574686 0.22388289 0.15830911]	1
[0.2764735  0.83482734 0.59031207 0.22388289 0.15830911]	1
[0.2764735  0.8271414  0.58487729 0.22388289 0.15830911]	1
[0.2764735  0.81945546 0.57944251 0.22388289 0.15830911]	1
[0.2764735  0.81176951 0.57400773 0.22388289 0.15830911]	1
[0.2764735  0.80408357 0.56857294 0.22388289 0.15830911]	1
[0.2764735  0.79639763 0.56313816 0.22388289 0.15830911]	1
[0.2764735  0.78871168 0.55770338 0.22388289 0.15830911]	1
[0.2764735  0.78102574 0.5522686  0.22388289 0.15830911]	1
[0.2764735  0.7733398  0.54683381 0.22388289 0.15830911]	1
[0.2764735  0.76565385 0.54139903 0.22388289 0.15830911]	1
[0.2764735  0.75796791 0.53596425 0.22388289 0.15830911]	1
[0.2764735  0.75028197 0.53052947 0.22388289 0.15830911]	1
[0.2764735  0.74259602 0.52509468 0.22388289 0.15830911]	1
[0.2764735  0.73491008 0.5196599  0.22388289 0.15830911]	1
[0.2764735  0.72722414 0.51422512 0.22388289 0.15830911]	1
[0.2764735  0.71953819 0.50879034 0.22388289 0.15830911]	1
[0.2764735  0.71185225 0.50335555 0.22388289 0.15830911]	1
[0.2764735  0.70416631 0.49792077 0.22388289 0.15830911]	1
[0.2764735  0.69648036 0.49248599 0.22388289 0.15830911]	1
[0.2764735  0.68879442 0.48705121 0.22388289 0.15830911]	1
[0.2764735  0.68110848 0.48161642 0.22388289 0.15830911]	1
[0.2764735  0.67342253 0.47618164 0.22388289 0.15830911]	1
[0.2764735  0.66573659 0.47074686 0.22388289 0.15830911]	1
[0.2764735  0.65805065 0.46531207 0.22388289 0.15830911]	1
[0.2764735  0.6503647  0.45987729 0.22388289 0.15830911]	1
[0.2764735  0.64267876 0.45444251 0.22388289 0.15830911]	1
[0.2764735  0.63499282 0.44900773 0.22388289 0.15830911]	1
[0.2764735  0.62730687 0.44357294 0.22388289 0.15830911]	1
[0.2764735  0.61962093 0.43813816 0.22388289 0.15830911]	1
[0.92864741 0.61193499 0.43270338 0.22388289 0.15830911]	1
[0.92864741 0.60424904 0.4272686  0.22388289 0.15830911]	1
[0.92864741 0.5965631  0.42183381 0.22388289 0.15830911]	1
[0.92864741 0.58887716 0.41639903 0.22388289 0.15830911]	1
[0.92864741 0.58119121 0.41096425 0.22388289 0.15830911]	1
[0.92864741 0.57350527 0.40552947 0.22388289 0.15830911]	1
[0.92864741 0.56581933 0.40009468 0.22388289 0.15830911]	1
[0.92864741 0.55813338 0.3946599  0.22388289 0.15830911]	1
[0.92864741 0.55044744 0.38922512 0.22388289 0.15830911]	1
[0.92864741 0.5427615  0.38379034 0.22388289 0.15830911]	1
[0.92864741 0.53507555 0.37835555 0.22388289 0.15830911]	1
[0.92864741 0.52738961 0.37292077 0.22388289 0.15830911]	1
[0.92864741 0.51970367 0.36748599 0.22388289 0.15830911]	1
[0.92864741 0.51201772 0.36205121 0.22388289 0.15830911]	1
[0.92864741 0.50433178 0.35661642 0.22388289 0.15830911]	1
[0.92864741 0.49664584 0.35118164 0.22388289 0.15830911]	1
[0.92864741 0.48895989 0.34574686 0.22388289 0.15830911]	1
[0.92864741 0.48127395 0.34031207 0.22388289 0.15830911]	1
[0.92864741 0.47358801 0.33487729 0.22388289 0.15830911]	1
[0.92864741 0.46590206 0.32944251 0.22388289 0.15830911]	1
[0.92864741 0.45821612 0.32400773 0.22388289 0.15830911]	1
[0.92864741 0.45053018 0.31857294 0.22388289 0.15830911]	1
[0.92864741 0.44284424 0.31313816 0.22388289 0.15830911]	1
[0.92864741 0.43515829 0.30770338 0.22388289 0.15830911]	1
[0.92864741 0.42747235 0.3022686  0.22388289 0.15830911]	0
[0.92963701 0.44362231 0.29724863 0.23701434 0.15881119]	0
[0.93290544 0.46309679 0.29304156 0.25291034 0.16003834]	1
[0.93233422 0.45450814 0.28760678 0.25381305 0.16060956]	0
[0.93792401 0.47749305 0.28416187 0.27319486 0.16258156]	1
[0.93706323 0.46836068 0.27872709 0.27464129 0.16344235]	0
[0.94504803 0.49570351 0.27601098 0.29847301 0.16619174]	1
[0.94389284 0.48594288 0.2705762  0.3005477  0.16734694]	1
[0.94273764 0.47618225 0.26514142 0.30262239 0.16850214]	0
[0.95320977 0.50819569 0.26306144 0.29340692 0.17209043]	0
[0.96634687 0.54831336 0.2617395  0.27937961 0.17654685]	0
[0.98235012 0.59954089 0.26120433 0.2669328  0.18193792]	0
[0.48161945 0.66660629 0.26149802 0.25588618 0.18834772]	0
[0.44215618 0.75739492 0.2626781  0.24609253 0.19588133]	0
[0.41088273 0.88610652 0.26482046 0.23743153 0.20466944]	1
[0.42029605 0.86792138 0.25938567 0.23255883 0.20780722]	1
[0.42970937 0.84973625 0.25395089 0.22768614 0.21094499]	0
[0.40285889 0.92144867 0.2567992  0.22018142 0.22135475]	1
[0.41122772 0.91842255 0.25136442 0.2155216  0.22488414]	0
[0.388522   0.90631659 0.2551431  0.2089881  0.23707561]	0
[0.36959095 0.89665005 0.26017183 0.20330522 0.25119916]	0
[0.35363791 0.88932031 0.2666407  0.19842459 0.26758579]	1
[0.35967385 0.88567874 0.26120592 0.19438022 0.27247929]	0
[0.34579184 0.88062198 0.26908362 0.19027086 0.26908362]	0
[0.33537434 0.87778612 0.27892055 0.1868904  0.25114119]	0
[0.3498784  0.87716473 0.29113002 0.18422325 0.23575244]	0
[0.3671218  0.87878196 0.30626759 0.18226354 0.22251643]	0
[0.3878363  0.88269368 0.32509528 0.18101519 0.21111934]	0
[0.41304826 0.88898963 0.34868437 0.18049231 0.20131302]	0
[0.44424212 0.89779693 0.37858688 0.18071991 0.19289965]	0
[0.48364657 0.90928502 0.41713557 0.18173509 0.18572072]	0
[0.98463917 0.92367258 0.46800131 0.18358875 0.17964887]	0
[0.96831185 0.94123677 0.53730776 0.18634794 0.17458187]	0
[0.95486205 0.9623257  0.63608381 0.19009905 0.17043814]	0
[0.94408643 0.98737516 0.78639469 0.19495217 0.16715335]	0
[0.93582765 0.46297886 0.83296986 0.20104703 0.16467792]	2
[0.94611081 0.97463608 0.77687073 0.19259112 0.16512897]	0
[0.93783248 1.         0.82215279 0.19859944 0.16267309]	0
[0.93195966 0.43647144 0.81106883 0.20601308 0.16098412]	2
[0.93926843 0.99040916 0.81124562 0.19684635 0.16123714]	0
[0.93338575 0.43872511 0.80023661 0.20418809 0.15955803]	2
[0.94070439 0.97709315 0.80033846 0.19509326 0.15980118]	0
[0.93481184 0.44097877 0.78940439 0.20236311 0.15813194]	2
[0.94214034 0.96377713 0.78943129 0.19334018 0.15836523]	0
[0.93623793 0.99634703 0.77857217 0.20053813 0.15670585]	0
[0.93267175 0.41728721 0.7699349  0.20933062 0.15577645]	2
[0.93709515 0.98240841 0.76768016 0.19944114 0.15584863]	0
[0.93352545 0.41856129 0.75908769 0.20818343 0.15492276]	2
[0.93795237 0.96846978 0.75678814 0.19834415 0.15499141]	0
[0.93437914 0.41983536 0.74824048 0.20703625 0.15406906]	2
[0.93880959 0.95453116 0.74589613 0.19724715 0.15413419]	0
[0.93523283 0.99090066 0.73739327 0.20588906 0.15321537]	0
[0.93395113 0.39849316 0.73094792 0.2163823  0.15300539]	2
[0.93551766 0.97628424 0.72651625 0.20550632 0.15293054]	0
[0.93423556 0.39889541 0.7200858  0.21598005 0.15272096]	2
[0.93580248 0.96166782 0.71563923 0.20512358 0.15264572]	0
[0.93452    1.         0.70922368 0.2155778  0.15243652]	0
[0.93551766 0.37955139 0.7047622  0.22823789 0.15293054]	1
[0.93523283 0.37916864 0.69932742 0.22866297 0.15321537]	1
[0.93494801 0.3787859  0.69389264 0.22908805 0.15350019]	1
[0.93466318 1.         0.68845785 0.22951313 0.15378502]	1
[0.93437836 1.         0.68302307 0.22993821 0.15406984]	1
[0.93409353 1.         0.67758829 0.23036329 0.15435467]	1
[0.93380871 1.         0.67215351 0.23078838 0.15463949]	1
[0.93352388 0.99502997 0.66671872 0.23121346 0.15492432]	1
[0.93323906 0.98691895 0.66128394 0.23163854 0.15520914]	1
[0.93295423 0.97880792 0.65584916 0.23206362 0.15549397]	1
[0.93266941 0.9706969  0.65041438 0.2324887  0.15577879]	1
[0.93238458 0.96258588 0.64497959 0.23291378 0.15606362]	1
[0.93209976 0.95447485 0.63954481 0.23333886 0.15634844]	1
[0.27874601 0.94636383 0.63411003 0.23376394 0.15663327]	1
[0.27846119 0.9382528  0.62867525 0.23418902 0.15691809]	1
[0.27817636 0.93014178 0.62324046 0.2346141  0.15720292]	1
[0.27789154 0.92203076 0.61780568 0.23503918 0.15748774]	1
[0.27760671 0.91391973 0.6123709  0.23546426 0.15777257]	1
[0.27732189 0.90580871 0.60693611 0.23588934 0.15805739]	1
[0.27703706 0.89769768 0.60150133 0.23631443 0.15834222]	1
[0.27675224 0.88958666 0.59606655 0.23673951 0.15862704]	1
[0.27646741 0.88147564 0.59063177 0.23716459 0.15891187]	1
[0.27618259 0.87336461 0.58519698 0.23758967 0.15919669]	1
[0.27589776 0.86525359 0.5797622  0.23801475 0.15948152]	1
[0.27561294 0.85714256 0.57432742 0.23843983 0.15976634]	1
[0.27532811 0.84903154 0.56889264 0.23886491 0.16005117]	1
[0.27504329 0.84092052 0.56345785 0.23928999 0.16033599]	1
[0.27475846 0.83280949 0.55802307 0.23971507 0.16062082]	1
[0.27447364 0.82469847 0.55258829 0.24014015 0.16090564]	1
[0.27418881 0.81658744 0.54715351 0.24056523 0.16119047]	1
[0.27390399 0.80847642 0.54171872 0.24099031 0.16147529]	1
[0.27361917 0.8003654  0.53628394 0.24141539 0.16176012]	1
[0.27333434 0.79225437 0.53084916 0.24184047 0.16204494]	1
[0.27304952 0.78414335 0.52541438 0.24226556 0.16232977]	1
[0.27276469 0.77603232 0.51997959 0.24269064 0.16261459]	1
[0.27247987 0.7679213  0.51454481 0.24311572 0.16289942]	1
[0.27219504 0.75981028 0.50911003 0.2435408  0.16318424]	1
[0.27191022 0.75169925 0.50367525 0.24396588 0.16346907]	1
[0.27162539 0.74358823 0.49824046 0.24439096 0.16375389]	1
[0.27134057 0.7354772  0.49280568 0.24481604 0.16403871]	1
[0.27105574 0.72736618 0.4873709  0.24524112 0.16432354]	1
[0.27077092 0.71925516 0.48193611 0.2456662  0.16460836]	1
[0.27048609 0.71114413 0.47650133 0.24609128 0.16489319]	1
[0.27020127 0.70303311 0.47106655 0.24651636 0.16517801]	1
[0.26991644 0.69492208 0.46563177 0.24694144 0.16546284]	1
[0.26963162 0.68681106 0.46019698 0.24736652 0.16574766]	1
[0.26934679 0.67870004 0.4547622  0.24779161 0.16603249]	1
[0.26906197 0.67058901 0.44932742 0.24821669 0.16631731]	1
[0.26877714 0.66247799 0.44389264 0.24864177 0.16660214]	1
[0.26849232 0.65436696 0.43845785 0.24906685 0.16688696]	1
[0.26820749 0.64625594 0.43302307 0.24949193 0.16717179]	1
[0.26792267 0.63814491 0.42758829 0.24991701 0.16745661]	1
[0.26763784 0.63003389 0.42215351 0.25034209 0.16774144]	1
[0.35606464 0.62192287 0.41671872 0.25076717 0.16802626]	1
[0.45976647 0.61381184 0.41128394 0.25119225 0.16831109]	1
[0.91985229 0.60570082 0.40584916 0.25161733 0.16859591]	1
[0.91956746 0.59758979 0.40041438 0.25204241 0.16888074]	1
[0.91928264 0.58947877 0.39497959 0.25246749 0.16916556]	1
[0.91899781 0.58136775 0.38954481 0.25289257 0.16945039]	1
[0.91871299 0.57325672 0.38411003 0.25331766 0.16973521]	1
[0.91842816 0.5651457  0.37867525 0.25374274 0.17002004]	1
[0.91814334 0.55703467 0.37324046 0.25416782 0.17030486]	1
[0.91785851 0.54892365 0.36780568 0.2545929  0.17058969]	1
[0.91757369 0.54081263 0.3623709  0.25501798 0.17087451]	1
[0.91728887 0.5327016  0.35693611 0.25544306 0.17115934]	1
[0.91700404 0.52459058 0.35150133 0.25586814 0.17144416]	1
[0.91671922 0.51647955 0.34606655 0.25629322 0.17172899]	1
[0.91643439 0.50836853 0.34063177 0.2567183  0.17201381]	1
[0.91614957 0.50025751 0.33519698 0.25714338 0.17229864]	1
[0.91586474 0.49214648 0.3297622  0.25756846 0.17258346]	1
[0.91557992 0.48403546 0.32432742 0.25799354 0.17286829]	1
[0.91529509 0.47592443 0.31889264 0.25841862 0.17315311]	1
[0.91501027 0.46781341 0.31345785 0.25884371 0.17343794]	1
[0.91472544 0.45970239 0.30802307 0.25926879 0.17372276]	1
[0.91444062 0.45159136 0.30258829 0.25969387 0.17400759]	1
[0.91415579 0.44348034 0.29715351 0.26011895 0.17429241]	1
[0.91387097 0.43536931 0.29171872 0.26054403 0.17457724]	1
[0.91358614 0.42725829 0.28628394 0.26096911 0.17486206]	0
[0.91678828 0.4456976  0.28203159 0.27838047 0.17615551]	1
[0.91621706 0.43710895 0.2765968  0.27928318 0.17672672]	0
[0.92169534 0.45886437 0.27307572 0.30046481 0.17881024]	1
[0.92083455 0.449732   0.26764094 0.30191124 0.17967102]	0
[0.92866107 0.47559906 0.2648167  0.30885764 0.18257871]	0
[0.93895509 0.50756044 0.26273262 0.29304016 0.18634511]	0
[0.95186933 0.54761374 0.26140553 0.27902313 0.19102439]	0
[0.96760156 0.59875999 0.26086411 0.26658512 0.19668648]	0
[0.48240036 0.66571998 0.26115034 0.25554596 0.20341973]	0
[0.44285581 0.75636707 0.26232162 0.24575856 0.2113346 ]	0
[0.41151798 0.88487931 0.2644537  0.2371027  0.22056847]	1
[0.4209313  0.86669418 0.25901891 0.23223001 0.22370625]	1
[0.43034462 0.84850904 0.25358413 0.22735731 0.22684402]	0
[0.40344207 0.9073721  0.25642048 0.2198567  0.23777236]	0
[0.38130785 0.89537289 0.26038449 0.21328132 0.25043623]	1
[0.38878819 0.89213858 0.25494971 0.20882968 0.25438483]	0
[0.36983957 0.88256946 0.2599705  0.20314789 0.26921824]	0
[0.35387174 0.87529764 0.26643016 0.19826791 0.28642929]	0
[0.34030134 0.8702551  0.27457412 0.19415322 0.27457412]	1
[0.34573612 0.86641213 0.26913934 0.19031025 0.26913934]	0
[0.33386351 0.86355678 0.27897943 0.18692985 0.2511942 ]	0
[0.32729874 0.86287661 0.29119262 0.18426286 0.23580313]	0
[0.34294657 0.86439499 0.30633461 0.18230342 0.22256512]	0
[0.36174591 0.86816638 0.32516761 0.18105547 0.21116631]	0
[0.38462857 0.87427852 0.34876316 0.1805331  0.20135851]	0
[0.41294225 0.88285581 0.37867365 0.18076133 0.19294386]	0
[0.44871034 0.89406421 0.41723243 0.18177729 0.18576384]	0
[0.4951144  0.90811797 0.46811124 0.18363187 0.17969107]	0
[0.96827043 0.92528869 0.53743525 0.18639215 0.1746233 ]	0
[0.95482127 0.94591759 0.63623602 0.19014454 0.17047893]	0
[0.94404615 0.97043186 0.78658417 0.19499915 0.16719363]	0
[0.93578777 0.99936686 0.81858288 0.20109572 0.16471781]	0
[0.929929   0.43326237 0.80752346 0.20861174 0.16301478]	2
[0.93722372 0.98605084 0.80767572 0.19934264 0.16328185]	0
[0.93135509 0.43551603 0.79669124 0.20678675 0.16158869]	2
[0.93865968 0.97273483 0.79676855 0.19758955 0.16184589]	0
[0.93278118 0.43776969 0.78585902 0.20496177 0.1601626 ]	2
[0.94009563 0.95941881 0.78586138 0.19583646 0.16040994]	0
[0.93420727 0.99180997 0.77502679 0.20313679 0.15873651]	0
[0.93064944 0.41426906 0.76640411 0.21204817 0.15779876]	2
[0.93506449 0.97787135 0.76413478 0.2020398  0.15787929]	0
[0.93150314 0.41554314 0.7555569  0.21090099 0.15694507]	2
[0.93592171 0.96393273 0.75324277 0.2009428  0.15702207]	0
[0.93235683 1.         0.74470969 0.2097538  0.15609137]	0
[0.93107907 0.39443145 0.73825431 0.22044401 0.15587745]	2
[0.93264165 0.98611596 0.73383267 0.20937106 0.15580655]	0
[0.9313635  0.3948337  0.72739219 0.22004176 0.15559302]	2
[0.93292648 0.97149954 0.72295564 0.20898832 0.15552172]	0
[0.93164794 0.39523595 0.71653007 0.21963951 0.15530859]	2
[0.9332113  0.95688312 0.71207862 0.20860557 0.1552369 ]	0
[0.93193237 0.9979652  0.70566796 0.21923726 0.15502415]	1
[0.93193237 0.99027925 0.70023318 0.21923726 0.15502415]	1
[0.93193237 0.98259331 0.69479839 0.21923726 0.15502415]	1
[0.93193237 0.97490737 0.68936361 0.21923726 0.15502415]	1
[0.93193237 0.96722142 0.68392883 0.21923726 0.15502415]	1
[0.93193237 0.95953548 0.67849404 0.21923726 0.15502415]	1
[0.93193237 0.95184954 0.67305926 0.21923726 0.15502415]	1
[0.93193237 0.94416359 0.66762448 0.21923726 0.15502415]	1
[0.93193237 0.93647765 0.6621897  0.21923726 0.15502415]	1
[0.93193237 0.92879171 0.65675491 0.21923726 0.15502415]	1
[0.27975846 0.92110576 0.65132013 0.21923726 0.15502415]	1
[0.27975846 0.91341982 0.64588535 0.21923726 0.15502415]	1
[0.27975846 0.90573388 0.64045057 0.21923726 0.15502415]	1
[0.27975846 0.89804793 0.63501578 0.21923726 0.15502415]	1
[0.27975846 0.89036199 0.629581   0.21923726 0.15502415]	1
[0.27975846 0.88267605 0.62414622 0.21923726 0.15502415]	1
[0.27975846 0.8749901  0.61871144 0.21923726 0.15502415]	1
[0.27975846 0.86730416 0.61327665 0.21923726 0.15502415]	1
[0.27975846 0.85961822 0.60784187 0.21923726 0.15502415]	1
[0.27975846 0.85193227 0.60240709 0.21923726 0.15502415]	1
[0.27975846 0.84424633 0.59697231 0.21923726 0.15502415]	1
[0.27975846 0.83656039 0.59153752 0.21923726 0.15502415]	1
[0.27975846 0.82887444 0.58610274 0.21923726 0.15502415]	1
[0.27975846 0.8211885  0.58066796 0.21923726 0.15502415]	1
[0.27975846 0.81350256 0.57523318 0.21923726 0.15502415]	1
[0.27975846 0.80581661 0.56979839 0.21923726 0.15502415]	1
[0.27975846 0.79813067 0.56436361 0.21923726 0.15502415]	1
[0.27975846 0.79044473 0.55892883 0.21923726 0.15502415]	1
[0.27975846 0.78275878 0.55349404 0.21923726 0.15502415]	1
[0.27975846 0.77507284 0.54805926 0.21923726 0.15502415]	1
[0.27975846 0.7673869  0.54262448 0.21923726 0.15502415]	1
[0.27975846 0.75970095 0.5371897  0.21923726 0.15502415]	1
[0.27975846 0.75201501 0.53175491 0.21923726 0.15502415]	1
[0.27975846 0.74432907 0.52632013 0.21923726 0.15502415]	1
[0.27975846 0.73664313 0.52088535 0.21923726 0.15502415]	1
[0.27975846 0.72895718 0.51545057 0.21923726 0.15502415]	1
[0.27975846 0.72127124 0.51001578 0.21923726 0.15502415]	1
[0.27975846 0.7135853  0.504581   0.21923726 0.15502415]	1
[0.27975846 0.70589935 0.49914622 0.21923726 0.15502415]	1
[0.27975846 0.69821341 0.49371144 0.21923726 0.15502415]	1
[0.27975846 0.69052747 0.48827665 0.21923726 0.15502415]	1
[0.27975846 0.68284152 0.48284187 0.21923726 0.15502415]	1
[0.27975846 0.67515558 0.47740709 0.21923726 0.15502415]	1
[0.27975846 0.66746964 0.47197231 0.21923726 0.15502415]	1
[0.27975846 0.65978369 0.46653752 0.21923726 0.15502415]	1
[0.27975846 0.65209775 0.46110274 0.21923726 0.15502415]	1
[0.27975846 0.64441181 0.45566796 0.21923726 0.15502415]	1
[0.27975846 0.63672586 0.45023318 0.21923726 0.15502415]	1
[0.27975846 0.62903992 0.44479839 0.21923726 0.15502415]	1
[0.27975846 0.62135398 0.43936361 0.21923726 0.15502415]	1
[0.93193237 0.61366803 0.43392883 0.21923726 0.15502415]	1
[0.93193237 0.60598209 0.42849404 0.21923726 0.15502415]	1
[0.93193237 0.59829615 0.42305926 0.21923726 0.15502415]	1
[0.93193237 0.5906102  0.41762448 0.21923726 0.15502415]	1
[0.93193237 0.58292426 0.4121897  0.21923726 0.15502415]	1
[0.93193237 0.57523832 0.40675491 0.21923726 0.15502415]	1
[0.93193237 0.56755237 0.40132013 0.21923726 0.15502415]	1
[0.93193237 0.55986643 0.39588535 0.21923726 0.15502415]	1
[0.93193237 0.55218049 0.39045057 0.21923726 0.15502415]	1
[0.93193237 0.54449454 0.38501578 0.21923726 0.15502415]	1
[0.93193237 0.5368086  0.379581   0.21923726 0.15502415]	1
[0.93193237 0.52912266 0.37414622 0.21923726 0.15502415]	1
[0.93193237 0.52143671 0.36871144 0.21923726 0.15502415]	1
[0.93193237 0.51375077 0.36327665 0.21923726 0.15502415]	1
[0.93193237 0.50606483 0.35784187 0.21923726 0.15502415]	1
[0.93193237 0.49837888 0.35240709 0.21923726 0.15502415]	1
[0.93193237 0.49069294 0.34697231 0.21923726 0.15502415]	1
[0.93193237 0.483007   0.34153752 0.21923726 0.15502415]	1
[0.93193237 0.47532105 0.33610274 0.21923726 0.15502415]	1
[0.93193237 0.46763511 0.33066796 0.21923726 0.15502415]	1
[0.93193237 0.45994917 0.32523318 0.21923726 0.15502415]	1
[0.93193237 0.45226322 0.31979839 0.21923726 0.15502415]	1
[0.93193237 0.44457728 0.31436361 0.21923726 0.15502415]	1
[0.93193237 0.43689134 0.30892883 0.21923726 0.15502415]	1
[0.93193237 0.42920539 0.30349404 0.21923726 0.15502415]	0
[0.93292648 0.44545371 0.29847576 0.23210504 0.15552172]	0
[0.93620849 0.46504404 0.29427376 0.24769049 0.15673529]	1
[0.93563728 0.4564554  0.28883898 0.24859319 0.15730651]	0
[0.94124992 0.4795779  0.2854026  0.26760616 0.15925565]	1
[0.94038913 0.47044553 0.27996782 0.26905258 0.16011644]	0
[0.94840638 0.49795353 0.27726381 0.29244157 0.16283339]	1
[0.94725118 0.4881929  0.27182902 0.29451625 0.16398859]	1
[0.94609599 0.47843227 0.26639424 0.29659094 0.16514379]	0
[0.95661061 0.51064658 0.26433012 0.29482194 0.16868959]	0
[0.96980089 0.55101264 0.26302801 0.28075497 0.17309284]	0
[0.98586879 0.60255377 0.26251696 0.26827422 0.17841925]	0
[0.47860657 0.67002582 0.26283944 0.25719881 0.18475189]	0
[0.4394569  0.76136056 0.26405346 0.24738104 0.19219454]	1
[0.45012326 0.74569014 0.25861867 0.24228941 0.1949637 ]	0
[0.41811669 0.87213159 0.26064393 0.23368695 0.20372534]	1
[0.42753001 0.85394645 0.25520915 0.22881426 0.20686311]	0
[0.40085815 0.92506266 0.2580985  0.22129545 0.21713973]	1
[0.40922698 0.92203653 0.25266371 0.21663563 0.22066912]	0
[0.38666812 0.90989566 0.25649003 0.21009136 0.23270609]	0
[0.36785943 0.90020453 0.26157399 0.2044009  0.24665045]	0
[0.35200941 0.89286017 0.26810701 0.19951577 0.26282896]	1
[0.35804535 0.8892186  0.26267223 0.1954714  0.26772246]	0
[0.3442508  0.88415699 0.27062467 0.19136054 0.27062467]	0
[0.34065733 0.88132599 0.28054905 0.18798158 0.2526075 ]	0
[0.35549559 0.88071921 0.29286154 0.18531893 0.2371546 ]	0
[0.37313593 0.88236104 0.30812147 0.1833668  0.22386335]	0
[0.39432686 0.88630766 0.32709602 0.18212922 0.21241864]	0
[0.42011829 0.89264934 0.35086373 0.18162043 0.20257127]	0
[0.45202866 0.90151386 0.38098711 0.18186567 0.19412263]	0
[0.49233773 0.91307153 0.41981465 0.18290229 0.18691353]	0
[0.98347196 0.92754213 0.47104198 0.18478156 0.18081608]	0
[0.96716609 0.94520421 0.54083404 0.18757092 0.17572763]	0
[0.95373393 0.96640759 0.64029401 0.1913573  0.17156626]	0
[0.9429724  0.99159018 0.79163576 0.19625147 0.16826738]	0
[0.93472439 0.46112499 0.83654893 0.20239395 0.16578118]	2
[0.94499678 0.9788511  0.78211181 0.19389042 0.166243  ]	0
[0.93672921 0.4644938  0.82573187 0.19994636 0.16377636]	2
[0.94702116 0.96611202 0.77258785 0.19152937 0.16421862]	0
[0.93873404 0.99488868 0.8149148  0.19749877 0.16177153]	0
[0.93285503 0.4378864  0.80388058 0.20486727 0.16008875]	2
[0.94016999 0.98157266 0.80400763 0.19574568 0.16033558]	0
[0.93428112 0.44014006 0.79304836 0.20304229 0.15866266]	2
[0.94160595 0.96825665 0.79310047 0.19399259 0.15889962]	0
[0.93570721 1.         0.78221613 0.2012173  0.15723657]	0
[0.93214321 0.4164984  0.77356388 0.21004086 0.15630499]	2
[0.93656443 0.98707163 0.77132412 0.20012031 0.15637935]	0
[0.9329969  0.41777248 0.76271667 0.20889368 0.1554513 ]	2
[0.93742165 0.973133   0.76043211 0.19902332 0.15552213]	0
[0.9338506  0.41904656 0.75186946 0.20774649 0.1545976 ]	2
[0.93827887 0.95919438 0.7495401  0.19792632 0.15466491]	0
[0.93470429 0.99577724 0.74102225 0.20659931 0.15374391]	0
[0.93342331 0.39774672 0.73457192 0.21712875 0.15353321]	2
[0.93498912 0.98116082 0.73014523 0.20621657 0.15345908]	0
[0.93370775 0.39814897 0.7237098  0.21672649 0.15324877]	2
[0.93527394 0.9665444  0.7192682  0.20583382 0.15317426]	0
[0.93399218 1.         0.71284769 0.21632424 0.15296434]	0
[0.93498912 0.37884114 0.70839118 0.2290267  0.15345908]	2
[0.93370775 0.99275751 0.70198557 0.21672649 0.15324877]	0
[0.93470429 0.3784584  0.69751415 0.22945178 0.15374391]	1
[0.93441947 0.37807565 0.69207937 0.22987686 0.15402873]	1
[0.93413464 1.         0.68664459 0.23030194 0.15431356]	1
[0.93384982 1.         0.68120981 0.23072702 0.15459838]	1
[0.93356499 1.         0.67577502 0.2311521  0.15488321]	1
[0.93328017 1.         0.67034024 0.23157718 0.15516803]	1
[0.93299534 0.9923238  0.66490546 0.23200226 0.15545286]	1
[0.93271052 0.98421278 0.65947068 0.23242735 0.15573768]	1
[0.93242569 0.97610176 0.65403589 0.23285243 0.15602251]	1
[0.93214087 0.96799073 0.64860111 0.23327751 0.15630733]	1
[0.93185604 0.95987971 0.64316633 0.23370259 0.15659216]	1
[0.2785023  0.95176868 0.63773155 0.23412767 0.15687698]	1
[0.27821747 0.94365766 0.63229676 0.23455275 0.15716181]	1
[0.27793265 0.93554664 0.62686198 0.23497783 0.15744663]	1
[0.27764782 0.92743561 0.6214272  0.23540291 0.15773146]	1
[0.277363   0.91932459 0.61599242 0.23582799 0.15801628]	1
[0.27707817 0.91121356 0.61055763 0.23625307 0.15830111]	1
[0.27679335 0.90310254 0.60512285 0.23667815 0.15858593]	1
[0.27650852 0.89499152 0.59968807 0.23710323 0.15887076]	1
[0.2762237  0.88688049 0.59425329 0.23752831 0.15915558]	1
[0.27593887 0.87876947 0.5888185  0.2379534  0.15944041]	1
[0.27565405 0.87065844 0.58338372 0.23837848 0.15972523]	1
[0.27536922 0.86254742 0.57794894 0.23880356 0.16001006]	1
[0.2750844  0.8544364  0.57251415 0.23922864 0.16029488]	1
[0.27479957 0.84632537 0.56707937 0.23965372 0.16057971]	1
[0.27451475 0.83821435 0.56164459 0.2400788  0.16086453]	1
[0.27422992 0.83010332 0.55620981 0.24050388 0.16114936]	1
[0.2739451  0.8219923  0.55077502 0.24092896 0.16143418]	1
[0.27366027 0.81388128 0.54534024 0.24135404 0.16171901]	1
[0.27337545 0.80577025 0.53990546 0.24177912 0.16200383]	1
[0.27309062 0.79765923 0.53447068 0.2422042  0.16228866]	1
[0.2728058  0.7895482  0.52903589 0.24262928 0.16257348]	1
[0.27252098 0.78143718 0.52360111 0.24305436 0.16285831]	1
[0.27223615 0.77332616 0.51816633 0.24347945 0.16314313]	1
[0.27195133 0.76521513 0.51273155 0.24390453 0.16342796]	1
[0.2716665  0.75710411 0.50729676 0.24432961 0.16371278]	1
[0.27138168 0.74899308 0.50186198 0.24475469 0.16399761]	1
[0.27109685 0.74088206 0.4964272  0.24517977 0.16428243]	1
[0.27081203 0.73277104 0.49099242 0.24560485 0.16456726]	1
[0.2705272  0.72466001 0.48555763 0.24602993 0.16485208]	1
[0.27024238 0.71654899 0.48012285 0.24645501 0.1651369 ]	1
[0.26995755 0.70843796 0.47468807 0.24688009 0.16542173]	1
[0.26967273 0.70032694 0.46925329 0.24730517 0.16570655]	1
[0.2693879  0.69221592 0.4638185  0.24773025 0.16599138]	1
[0.26910308 0.68410489 0.45838372 0.24815533 0.1662762 ]	1
[0.26881825 0.67599387 0.45294894 0.24858041 0.16656103]	1
[0.26853343 0.66788284 0.44751415 0.24900549 0.16684585]	1
[0.2682486  0.65977182 0.44207937 0.24943058 0.16713068]	1
[0.26796378 0.6516608  0.43664459 0.24985566 0.1674155 ]	1
[0.26767895 0.64354977 0.43120981 0.25028074 0.16770033]	1
[0.26739413 0.63543875 0.42577502 0.25070582 0.16798515]	1
[0.28696196 0.62732772 0.42034024 0.2511309  0.16826998]	1
[0.39066379 0.6192167  0.41490546 0.25155598 0.1685548 ]	1
[0.91960857 0.61110568 0.40947068 0.25198106 0.16883963]	1
[0.91932375 0.60299465 0.40403589 0.25240614 0.16912445]	1
[0.91903892 0.59488363 0.39860111 0.25283122 0.16940928]	1
[0.9187541  0.5867726  0.39316633 0.2532563  0.1696941 ]	1
[0.91846927 0.57866158 0.38773155 0.25368138 0.16997893]	1
[0.91818445 0.57055056 0.38229676 0.25410646 0.17026375]	1
[0.91789962 0.56243953 0.37686198 0.25453154 0.17054858]	1
[0.9176148  0.55432851 0.3714272  0.25495663 0.1708334 ]	1
[0.91732997 0.54621748 0.36599242 0.25538171 0.17111823]	1
[0.91704515 0.53810646 0.36055763 0.25580679 0.17140305]	1
[0.91676032 0.52999543 0.35512285 0.25623187 0.17168788]	1
[0.9164755  0.52188441 0.34968807 0.25665695 0.1719727 ]	1
[0.91619068 0.51377339 0.34425329 0.25708203 0.17225753]	1
[0.91590585 0.50566236 0.3388185  0.25750711 0.17254235]	1
[0.91562103 0.49755134 0.33338372 0.25793219 0.17282718]	1
[0.9153362  0.48944031 0.32794894 0.25835727 0.173112  ]	1
[0.91505138 0.48132929 0.32251415 0.25878235 0.17339683]	1
[0.91476655 0.47321827 0.31707937 0.25920743 0.17368165]	1
[0.91448173 0.46510724 0.31164459 0.25963251 0.17396648]	1
[0.9141969  0.45699622 0.30620981 0.26005759 0.1742513 ]	1
[0.91391208 0.44888519 0.30077502 0.26048268 0.17453613]	1
[0.91362725 0.44077417 0.29534024 0.26090776 0.17482095]	1
[0.91334243 0.43266315 0.28990546 0.26133284 0.17510578]	1
[0.9130576  0.42455212 0.28447068 0.26175792 0.1753906 ]	0
[0.91625755 0.44282024 0.28021083 0.27921918 0.17668623]	0
[0.92173611 0.46497924 0.27671476 0.30039629 0.17876946]	1
[0.92087533 0.45584687 0.27127997 0.30184272 0.17963024]	0
[0.92870224 0.48219835 0.26849122 0.31314327 0.18253754]	1
[0.92754704 0.47243773 0.26305644 0.30680465 0.18369273]	0
[0.93782697 0.50411686 0.26095009 0.291052   0.18747323]	0
[0.95072357 0.54382117 0.25959513 0.27709073 0.19217015]	0
[0.96643435 0.59452681 0.25901982 0.26470039 0.19785368]	0
[0.48663354 0.66091546 0.25926561 0.25370167 0.20461253]	0
[0.44664837 0.75079525 0.26038922 0.24394816 0.21255758]	0
[0.41496156 0.87822683 0.26246555 0.23532017 0.22182673]	1
[0.42437488 0.8600417  0.25703076 0.23044748 0.2249645 ]	0
[0.39796162 0.90903618 0.25997953 0.22290826 0.23583154]	1
[0.40633045 0.90601005 0.25454475 0.21824844 0.23936092]	0
[0.38398421 0.89402399 0.25844    0.21168859 0.25208302]	0
[0.36535265 0.88444192 0.26360394 0.20598715 0.26682203]	0
[0.34965177 0.8771624  0.27022984 0.2010955  0.28392345]	1
[0.35568771 0.87352083 0.26479505 0.19705113 0.28881695]	0
[0.34201978 0.86848072 0.27285568 0.1929381  0.27285568]	1
[0.34745456 0.86463775 0.2674209  0.18909513 0.2674209 ]	0
[0.33549861 0.86177996 0.27716346 0.18571306 0.2495591 ]	0
[0.32522112 0.86109246 0.28926177 0.18304105 0.23423957]	0
[0.33992782 0.86259849 0.30426733 0.18107316 0.22106315]	0
[0.35848801 0.86635236 0.32293655 0.1798132  0.20971745]	0
[0.38107981 0.87244154 0.34633292 0.17927511 0.19995541]	0
[0.40903384 0.88099012 0.37599712 0.17948368 0.1915801 ]	0
[0.44434786 0.8921636  0.41424494 0.18047572 0.18443373]	0
[0.49016312 0.90617567 0.46472053 0.18230176 0.1783895 ]	0
[0.96954808 0.92329726 0.53350303 0.18502839 0.17334564]	0
[0.95607925 0.94386871 0.63154115 0.18874144 0.16922094]	0
[0.94528842 0.96831616 0.78073976 0.19355028 0.16595136]	0
[0.93701803 0.9971736  0.81678639 0.19959375 0.16348754]	0
[0.93115082 0.43519321 0.80573931 0.20704817 0.16179297]	2
[0.93845399 0.98385759 0.80587922 0.19784066 0.16205158]	0
[0.93257691 0.43744688 0.79490708 0.20522319 0.16036688]	2
[0.93988994 0.97054158 0.79497205 0.19608758 0.16061563]	0
[0.93400299 0.43970054 0.78407486 0.2033982  0.15894079]	2
[0.9413259  0.95722556 0.78406489 0.19433449 0.15917967]	0
[0.93542908 0.98952677 0.77324264 0.20157322 0.1575147 ]	0
[0.93186623 0.41608503 0.7646273  0.21041307 0.15658197]	2
[0.9362863  0.97558815 0.76235063 0.20047623 0.15665748]	0
[0.93271992 0.4173591  0.75378009 0.20926588 0.15572828]	2
[0.93714352 0.96164953 0.75145862 0.19937924 0.15580026]	0
[0.93357362 0.99834472 0.74293288 0.2081187  0.15487458]	0
[0.93229419 0.39614989 0.73647993 0.21872557 0.15466233]	2
[0.93385844 0.9837283  0.73205585 0.20773595 0.15458976]	0
[0.93257862 0.39655214 0.72561781 0.21832332 0.1543779 ]	2
[0.93414327 0.96911188 0.72117883 0.20735321 0.15430493]	0
[0.93286306 1.         0.7147557  0.21792107 0.15409346]	1
[0.93286306 1.         0.70932091 0.21792107 0.15409346]	1
[0.93286306 0.99544531 0.70388613 0.21792107 0.15409346]	1
[0.93286306 0.98775937 0.69845135 0.21792107 0.15409346]	1
[0.93286306 0.98007343 0.69301657 0.21792107 0.15409346]	1
[0.93286306 0.97238748 0.68758178 0.21792107 0.15409346]	1
[0.93286306 0.96470154 0.682147   0.21792107 0.15409346]	1
[0.93286306 0.9570156  0.67671222 0.21792107 0.15409346]	1
[0.93286306 0.94932965 0.67127743 0.21792107 0.15409346]	1
[0.93286306 0.94164371 0.66584265 0.21792107 0.15409346]	1
[0.93286306 0.93395777 0.66040787 0.21792107 0.15409346]	1
[0.93286306 0.92627182 0.65497309 0.21792107 0.15409346]	1
[0.28068914 0.91858588 0.6495383  0.21792107 0.15409346]	1
[0.28068914 0.91089994 0.64410352 0.21792107 0.15409346]	1
[0.28068914 0.90321399 0.63866874 0.21792107 0.15409346]	1
[0.28068914 0.89552805 0.63323396 0.21792107 0.15409346]	1
[0.28068914 0.88784211 0.62779917 0.21792107 0.15409346]	1
[0.28068914 0.88015616 0.62236439 0.21792107 0.15409346]	1
[0.28068914 0.87247022 0.61692961 0.21792107 0.15409346]	1
[0.28068914 0.86478428 0.61149483 0.21792107 0.15409346]	1
[0.28068914 0.85709833 0.60606004 0.21792107 0.15409346]	1
[0.28068914 0.84941239 0.60062526 0.21792107 0.15409346]	1
[0.28068914 0.84172645 0.59519048 0.21792107 0.15409346]	1
[0.28068914 0.8340405  0.5897557  0.21792107 0.15409346]	1
[0.28068914 0.82635456 0.58432091 0.21792107 0.15409346]	1
[0.28068914 0.81866862 0.57888613 0.21792107 0.15409346]	1
[0.28068914 0.81098267 0.57345135 0.21792107 0.15409346]	1
[0.28068914 0.80329673 0.56801657 0.21792107 0.15409346]	1
[0.28068914 0.79561079 0.56258178 0.21792107 0.15409346]	1
[0.28068914 0.78792484 0.557147   0.21792107 0.15409346]	1
[0.28068914 0.7802389  0.55171222 0.21792107 0.15409346]	1
[0.28068914 0.77255296 0.54627743 0.21792107 0.15409346]	1
[0.28068914 0.76486701 0.54084265 0.21792107 0.15409346]	1
[0.28068914 0.75718107 0.53540787 0.21792107 0.15409346]	1
[0.28068914 0.74949513 0.52997309 0.21792107 0.15409346]	1
[0.28068914 0.74180918 0.5245383  0.21792107 0.15409346]	1
[0.28068914 0.73412324 0.51910352 0.21792107 0.15409346]	1
[0.28068914 0.7264373  0.51366874 0.21792107 0.15409346]	1
[0.28068914 0.71875135 0.50823396 0.21792107 0.15409346]	1
[0.28068914 0.71106541 0.50279917 0.21792107 0.15409346]	1
[0.28068914 0.70337947 0.49736439 0.21792107 0.15409346]	1
[0.28068914 0.69569352 0.49192961 0.21792107 0.15409346]	1
[0.28068914 0.68800758 0.48649483 0.21792107 0.15409346]	1
[0.28068914 0.68032164 0.48106004 0.21792107 0.15409346]	1
[0.28068914 0.67263569 0.47562526 0.21792107 0.15409346]	1
[0.28068914 0.66494975 0.47019048 0.21792107 0.15409346]	1
[0.28068914 0.65726381 0.4647557  0.21792107 0.15409346]	1
[0.28068914 0.64957786 0.45932091 0.21792107 0.15409346]	1
[0.28068914 0.64189192 0.45388613 0.21792107 0.15409346]	1
[0.28068914 0.63420598 0.44845135 0.21792107 0.15409346]	1
[0.28068914 0.62652003 0.44301657 0.21792107 0.15409346]	1
[0.28068914 0.61883409 0.43758178 0.21792107 0.15409346]	1
[0.93286306 0.61114815 0.432147   0.21792107 0.15409346]	1
[0.93286306 0.60346221 0.42671222 0.21792107 0.15409346]	1
[0.93286306 0.59577626 0.42127743 0.21792107 0.15409346]	1
[0.93286306 0.58809032 0.41584265 0.21792107 0.15409346]	1
[0.93286306 0.58040438 0.41040787 0.21792107 0.15409346]	1
[0.93286306 0.57271843 0.40497309 0.21792107 0.15409346]	1
[0.93286306 0.56503249 0.3995383  0.21792107 0.15409346]	1
[0.93286306 0.55734655 0.39410352 0.21792107 0.15409346]	1
[0.93286306 0.5496606  0.38866874 0.21792107 0.15409346]	1
[0.93286306 0.54197466 0.38323396 0.21792107 0.15409346]	1
[0.93286306 0.53428872 0.37779917 0.21792107 0.15409346]	1
[0.93286306 0.52660277 0.37236439 0.21792107 0.15409346]	1
[0.93286306 0.51891683 0.36692961 0.21792107 0.15409346]	1
[0.93286306 0.51123089 0.36149483 0.21792107 0.15409346]	1
[0.93286306 0.50354494 0.35606004 0.21792107 0.15409346]	1
[0.93286306 0.495859   0.35062526 0.21792107 0.15409346]	1
[0.93286306 0.48817306 0.34519048 0.21792107 0.15409346]	1
[0.93286306 0.48048711 0.3397557  0.21792107 0.15409346]	1
[0.93286306 0.47280117 0.33432091 0.21792107 0.15409346]	1
[0.93286306 0.46511523 0.32888613 0.21792107 0.15409346]	1
[0.93286306 0.45742928 0.32345135 0.21792107 0.15409346]	1
[0.93286306 0.44974334 0.31801657 0.21792107 0.15409346]	1
[0.93286306 0.4420574  0.31258178 0.21792107 0.15409346]	1
[0.93286306 0.43437145 0.307147   0.21792107 0.15409346]	1
[0.93286306 0.42668551 0.30171222 0.21792107 0.15409346]	0
[0.93385844 0.44279081 0.29669149 0.23071415 0.15458976]	0
[0.93714431 0.46221269 0.29248212 0.24621161 0.15579947]	0
[0.94276738 0.48574203 0.28907094 0.26505629 0.1577382 ]	1
[0.94190659 0.47660966 0.28363616 0.26650271 0.15859898]	1
[0.94104581 0.46747729 0.27820138 0.26794914 0.15945977]	0
[0.94906946 0.49475014 0.27548014 0.29125071 0.16217032]	1
[0.94791426 0.48498951 0.27004536 0.2933254  0.16332551]	0
[0.95845189 0.51778924 0.26802744 0.29894576 0.1668483 ]	1
[0.95699565 0.50729005 0.26259265 0.29288405 0.16830455]	0
[0.97019194 0.54731595 0.26126338 0.2788714  0.17270178]	0
[0.98626716 0.5984276  0.2607193  0.26643713 0.17802087]	0
[0.48273274 0.66534274 0.26100235 0.25540115 0.18434477]	0
[0.4431536  0.75592958 0.26216989 0.24561641 0.19177712]	0
[0.41178837 0.88435697 0.26429759 0.23696274 0.20044684]	1
[0.42120169 0.86617183 0.25886281 0.23209004 0.20358462]	1
[0.430615   0.84798669 0.25342802 0.22721735 0.20672239]	0
[0.4036903  0.92518725 0.25625928 0.21971849 0.21699442]	1
[0.41205913 0.92216112 0.2508245  0.21505867 0.22052381]	0
[0.38929238 0.91001905 0.25458339 0.20852964 0.23255546]	0
[0.37031048 0.90032707 0.25958916 0.2028499  0.24649364]	0
[0.35431464 0.89298221 0.26603138 0.19797115 0.26266497]	0
[0.34072045 0.88791543 0.27415501 0.19385687 0.27415501]	1
[0.34615523 0.88407246 0.26872023 0.1900139  0.26872023]	0
[0.34053101 0.88124134 0.27853653 0.18663309 0.25079542]	0
[0.35536128 0.88063422 0.29072171 0.18396488 0.2354218 ]	0
[0.37299212 0.88227546 0.30583042 0.18200338 0.22219881]	0
[0.39417167 0.88622125 0.32462348 0.18075249 0.21081295]	0
[0.41994923 0.89256184 0.34817045 0.18022629 0.20101631]	0
[0.45184247 0.90142498 0.37802088 0.18044973 0.19261126]	0
[0.49212991 0.91298099 0.41650381 0.18145985 0.18543944]	0
[0.98491441 0.92744961 0.46728428 0.18330747 0.17937363]	0
[0.96858203 0.94510934 0.53647622 0.18605955 0.17431169]	0
[0.95512808 0.96630998 0.635091   0.18980234 0.17017212]	0
[0.94434913 0.99148939 0.78515878 0.19464578 0.16689065]	0
[0.93608781 0.46341603 0.83646335 0.20072941 0.16441776]	2
[0.94637351 0.97875031 0.77563483 0.19228474 0.16486627]	0
[0.93809264 0.46678485 0.82564629 0.19828182 0.16241293]	2
[0.94839789 0.96601124 0.76611087 0.18992369 0.16284189]	0
[0.94009746 0.9947842  0.81482922 0.19583423 0.16040811]	0
[0.93420909 0.44002623 0.80379559 0.20313446 0.15873469]	2
[0.94153342 0.98146818 0.80392205 0.19408114 0.15897215]	0
[0.93563518 0.44227989 0.79296336 0.20130948 0.15730861]	2
[0.94296937 0.96815217 0.79301489 0.19232805 0.1575362 ]	0
[0.93706127 1.         0.78213114 0.1994845  0.15588252]	0
[0.9334917  0.41851092 0.77347924 0.20822878 0.1549565 ]	2
[0.93791849 0.98696286 0.77123913 0.19838751 0.1550253 ]	0
[0.93434539 0.419785   0.76263203 0.2070816  0.15410281]	2
[0.93877571 0.97302424 0.76034712 0.19729052 0.15416808]	0
[0.93519909 0.42105908 0.75178482 0.20593441 0.15324912]	2
[0.93963293 0.95908561 0.74945511 0.19619352 0.15331086]	0
[0.93605278 0.9956635  0.74093761 0.20478723 0.15239542]	0
[0.93476995 0.39965115 0.73448739 0.21522431 0.15218657]	2
[0.2173913  0.76859433 0.54347826 0.30743773 0.2173913 ]	1
[0.2173913  0.76090838 0.53804348 0.30743773 0.2173913 ]	1
[0.2173913  0.75322244 0.5326087  0.30743773 0.2173913 ]	1
[0.2173913  0.7455365  0.52717391 0.30743773 0.2173913 ]	1
[0.2173913  0.73785055 0.52173913 0.30743773 0.2173913 ]	1
[0.2173913  0.73016461 0.51630435 0.30743773 0.2173913 ]	1
[0.2173913  0.72247867 0.51086957 0.30743773 0.2173913 ]	1
[0.2173913  0.71479272 0.50543478 0.30743773 0.2173913 ]	1
[0.2173913  0.70710678 0.5        0.30743773 0.2173913 ]	1
[0.2173913  0.69942084 0.49456522 0.30743773 0.2173913 ]	1
[0.2173913  0.69173489 0.48913043 0.30743773 0.2173913 ]	1
[0.2173913  0.68404895 0.48369565 0.30743773 0.2173913 ]	1
[0.2173913  0.67636301 0.47826087 0.30743773 0.2173913 ]	1
[0.2173913  0.66867706 0.47282609 0.30743773 0.2173913 ]	1
[0.2173913  0.66099112 0.4673913  0.30743773 0.2173913 ]	1
[0.2173913  0.65330518 0.46195652 0.30743773 0.2173913 ]	1
[0.2173913  0.64561923 0.45652174 0.30743773 0.2173913 ]	1
[0.2173913  0.63793329 0.45108696 0.30743773 0.2173913 ]	1
[0.2173913  0.63024735 0.44565217 0.30743773 0.2173913 ]	1
[0.2173913  0.62256141 0.44021739 0.30743773 0.2173913 ]	1
[0.86956522 0.61487546 0.43478261 0.30743773 0.2173913 ]	1
[0.86956522 0.60718952 0.42934783 0.30743773 0.2173913 ]	1
[0.86956522 0.59950358 0.42391304 0.30743773 0.2173913 ]	1
[0.86956522 0.59181763 0.41847826 0.30743773 0.2173913 ]	1
[0.86956522 0.58413169 0.41304348 0.30743773 0.2173913 ]	1
[0.86956522 0.57644575 0.4076087  0.30743773 0.2173913 ]	1
[0.86956522 0.5687598  0.40217391 0.30743773 0.2173913 ]	1
[0.86956522 0.56107386 0.39673913 0.30743773 0.2173913 ]	1
[0.86956522 0.55338792 0.39130435 0.30743773 0.2173913 ]	1
[0.86956522 0.54570197 0.38586957 0.30743773 0.2173913 ]	1
[0.86956522 0.53801603 0.38043478 0.30743773 0.2173913 ]	1
[0.86956522 0.53033009 0.375      0.30743773 0.2173913 ]	1
[0.86956522 0.52264414 0.36956522 0.30743773 0.2173913 ]	1
[0.86956522 0.5149582  0.36413043 0.30743773 0.2173913 ]	1
[0.86956522 0.50727226 0.35869565 0.30743773 0.2173913 ]	1
[0.86956522 0.49958631 0.35326087 0.30743773 0.2173913 ]	1
[0.86956522 0.49190037 0.34782609 0.30743773 0.2173913 ]	1
[0.86956522 0.48421443 0.3423913  0.30743773 0.2173913 ]	1
[0.86956522 0.47652848 0.33695652 0.30743773 0.2173913 ]	1
[0.86956522 0.46884254 0.33152174 0.30743773 0.2173913 ]	1
[0.86956522 0.4611566  0.32608696 0.30743773 0.2173913 ]	1
[0.86956522 0.45347065 0.32065217 0.30743773 0.2173913 ]	1
[0.86956522 0.44578471 0.31521739 0.30743773 0.2173913 ]	1
[0.86956522 0.43809877 0.30978261 0.30743773 0.2173913 ]	1
[0.86956522 0.43041282 0.30434783 0.30743773 0.2173913 ]	1
[0.86956522 0.42272688 0.29891304 0.30743773 0.2173913 ]	1
[0.86956522 0.41504094 0.29347826 0.30743773 0.2173913 ]	1
[0.86956522 0.40735499 0.28804348 0.30743773 0.2173913 ]	1
[0.86956522 0.39966905 0.2826087  0.30743773 0.2173913 ]	1
[0.86956522 0.39198311 0.27717391 0.30743773 0.2173913 ]	1
[0.86956522 0.38429716 0.27173913 0.30743773 0.2173913 ]	0
[0.87047374 0.39799673 0.26667727 0.32531129 0.21797447]	0
[0.87349781 0.41458499 0.26234393 0.3357243  0.21944598]	1
[0.87292659 0.40599634 0.25690915 0.32876935 0.2200172 ]	0
[0.87810535 0.42555322 0.25325185 0.30918251 0.22240022]	0
[0.88551509 0.44950484 0.25028726 0.29191186 0.22572469]	0
[0.89526319 0.47913658 0.24801934 0.27662963 0.23003701]	0
[0.90749433 0.51630927 0.24646222 0.26307271 0.23539939]	0
[0.92239589 0.56381863 0.24564107 0.25102823 0.24189215]	0
[0.94020523 0.62606261 0.24559344 0.24032292 0.24961681]	0
[0.96121954 0.7103763  0.2463712  0.23081525 0.25870029]	0
[0.43994184 0.82996863 0.24804317 0.22238942 0.26930045]	0
[0.4122527  0.86978232 0.25069879 0.21495089 0.28161359]	0
[0.38947174 0.85814621 0.25445308 0.2084229  0.29588441]	0
[0.37047801 0.84881066 0.25945351 0.2027439  0.31241973]	0
[0.35447219 0.8416777  0.26588951 0.19786558 0.29530022]	0
[0.34086954 0.83668124 0.27400592 0.19375144 0.27400592]	1
[0.34630433 0.83283827 0.26857114 0.18990847 0.26857114]	0
[0.33440415 0.82993684 0.27837897 0.18652752 0.25065355]	0
[0.32417454 0.82911781 0.29055418 0.18385887 0.23528614]	0
[0.31535236 0.83040262 0.30565106 0.18189664 0.2220685 ]	0
[0.30773158 0.83384245 0.32442991 0.18064471 0.21068725]	0
[0.31748084 0.83952029 0.3479596  0.18011714 0.20089457]	0
[0.33898946 0.84755416 0.37778866 0.18033887 0.19249294]	0
[0.36616586 0.85810174 0.41624461 0.18134692 0.18532404]	0
[0.40142894 0.8713668  0.4669901  0.18319207 0.1792607 ]	0
[0.44881182 0.88760786 0.53613506 0.18594122 0.17420084]	0
[0.95523722 0.90714983 0.63468366 0.1896806  0.17006297]	0
[0.94445691 0.93039962 0.78465171 0.19452008 0.16678287]	0
[0.93619455 0.95786728 0.78459052 0.20059909 0.16431102]	0
[0.930333   0.99019481 0.77376466 0.20809474 0.16261079]	0
[0.9267911  0.40851077 0.76514717 0.21723296 0.1616571 ]	2
[0.93119022 0.97625618 0.76287265 0.20699775 0.16175357]	0
[0.9276448  0.40978484 0.75429996 0.21608578 0.1608034 ]	2
[0.93204744 0.96231756 0.75198063 0.20590075 0.16089635]	0
[0.92849849 0.41105892 0.74345275 0.21493859 0.15994971]	2
[0.93290466 0.94837894 0.74108862 0.20480376 0.16003913]	0
[0.92935219 0.98446696 0.73260554 0.21379141 0.15909602]	0
[0.92807854 0.39018807 0.72616674 0.22468739 0.15887798]	2
[0.92963701 0.96985054 0.72172851 0.21340867 0.15881119]	0
[0.92836298 0.39059032 0.71530463 0.22428514 0.15859355]	2
[0.92992184 0.95523412 0.71085149 0.21302592 0.15852637]	0
[0.92864741 0.99623215 0.70444251 0.22388289 0.15830911]	1
[0.92864741 0.98854621 0.69900773 0.22388289 0.15830911]	1
[0.92864741 0.98086026 0.69357294 0.22388289 0.15830911]	1
[0.92864741 0.97317432 0.68813816 0.22388289 0.15830911]	1
[0.92864741 0.96548838 0.68270338 0.22388289 0.15830911]	1
[0.92864741 0.95780243 0.6772686  0.22388289 0.15830911]	1
[0.92864741 0.95011649 0.67183381 0.22388289 0.15830911]	1
[0.92864741 0.94243055 0.66639903 0.22388289 0.15830911]	1
[0.92864741 0.9347446  0.66096425 0.22388289 0.15830911]	1
[0.92864741 0.92705866 0.65552947 0.22388289 0.15830911]	1
[0.2764735  0.91937272 0.65009468 0.22388289 0.15830911]	1
[0.2764735  0.91168677 0.6446599  0.22388289 0.15830911]	1
[0.2764735  0.90400083 0.63922512 0.22388289 0.15830911]	1
[0.2764735  0.89631489 0.63379034 0.22388289 0.15830911]	1
[0.2764735  0.88862895 0.62835555 0.22388289 0.15830911]	1
[0.2764735  0.880943   0.62292077 0.22388289 0.15830911]	1
[0.2764735  0.87325706 0.61748599 0.22388289 0.15830911]	1
[0.2764735  0.86557112 0.61205121 0.22388289 0.15830911]	1
[0.2764735  0.85788517 0.60661642 0.22388289 0.15830911]	1
[0.2764735  0.85019923 0.60118164 0.22388289 0.15830911]	1
[0.2764735  0.84251329 0.59574686 0.22388289 0.15830911]	1
[0.2764735  0.83482734 0.59031207 0.22388289 0.15830911]	1
[0.2764735  0.8271414  0.58487729 0.22388289 0.15830911]	1
[0.2764735  0.81945546 0.57944251 0.22388289 0.15830911]	1
[0.2764735  0.81176951 0.57400773 0.22388289 0.15830911]	1
[0.2764735  0.80408357 0.56857294 0.22388289 0.15830911]	1
[0.2764735  0.79639763 0.56313816 0.22388289 0.15830911]	1
[0.2764735  0.78871168 0.55770338 0.22388289 0.15830911]	1
[0.2764735  0.78102574 0.5522686  0.22388289 0.15830911]	1
[0.2764735  0.7733398  0.54683381 0.22388289 0.15830911]	1
[0.2764735  0.76565385 0.54139903 0.22388289 0.15830911]	1
[0.2764735  0.75796791 0.53596425 0.22388289 0.15830911]	1
[0.2764735  0.75028197 0.53052947 0.22388289 0.15830911]	1
[0.2764735  0.74259602 0.52509468 0.22388289 0.15830911]	1
[0.2764735  0.73491008 0.5196599  0.22388289 0.15830911]	1
[0.2764735  0.72722414 0.51422512 0.22388289 0.15830911]	1
[0.2764735  0.71953819 0.50879034 0.22388289 0.15830911]	1
[0.2764735  0.71185225 0.50335555 0.22388289 0.15830911]	1
[0.2764735  0.70416631 0.49792077 0.22388289 0.15830911]	1
[0.2764735  0.69648036 0.49248599 0.22388289 0.15830911]	1
[0.2764735  0.68879442 0.48705121 0.22388289 0.15830911]	1
[0.2764735  0.68110848 0.48161642 0.22388289 0.15830911]	1
[0.2764735  0.67342253 0.47618164 0.22388289 0.15830911]	1
[0.2764735  0.66573659 0.47074686 0.22388289 0.15830911]	1
[0.2764735  0.65805065 0.46531207 0.22388289 0.15830911]	1
[0.2764735  0.6503647  0.45987729 0.22388289 0.15830911]	1
[0.2764735  0.64267876 0.45444251 0.22388289 0.15830911]	1
[0.2764735  0.63499282 0.44900773 0.22388289 0.15830911]	1
[0.2764735  0.62730687 0.44357294 0.22388289 0.15830911]	1
[0.2764735  0.61962093 0.43813816 0.22388289 0.15830911]	1
[0.92864741 0.61193499 0.43270338 0.22388289 0.15830911]	1
[0.92864741 0.60424904 0.4272686  0.22388289 0.15830911]	1
[0.92864741 0.5965631  0.42183381 0.22388289 0.15830911]	1
[0.92864741 0.58887716 0.41639903 0.22388289 0.15830911]	1
[0.92864741 0.58119121 0.41096425 0.22388289 0.15830911]	1
[0.92864741 0.57350527 0.40552947 0.22388289 0.15830911]	1
[0.92864741 0.56581933 0.40009468 0.22388289 0.15830911]	1
[0.92864741 0.55813338 0.3946599  0.22388289 0.15830911]	1
[0.92864741 0.55044744 0.38922512 0.22388289 0.15830911]	1
[0.92864741 0.5427615  0.38379034 0.22388289 0.15830911]	1
[0.92864741 0.53507555 0.37835555 0.22388289 0.15830911]	1
[0.92864741 0.52738961 0.37292077 0.22388289 0.15830911]	1
[0.92864741 0.51970367 0.36748599 0.22388289 0.15830911]	1
[0.92864741 0.51201772 0.36205121 0.22388289 0.15830911]	1
[0.92864741 0.50433178 0.35661642 0.22388289 0.15830911]	1
[0.92864741 0.49664584 0.35118164 0.22388289 0.15830911]	1
[0.92864741 0.48895989 0.34574686 0.22388289 0.15830911]	1
[0.92864741 0.48127395 0.34031207 0.22388289 0.15830911]	1
